DENGUE - Notificações registradas no Sistema de Informação de Agravos de Notificação - Brasil
Casos Prováveis por Mês 1º Sintoma(s) e UF de notificação
UF de notificação: Espírito Santo, Minas Gerais, Rio de Janeiro, São Paulo
Período:2013
"Mês 1º Sintoma(s)";"MG";"ES";"RJ";"SP";"Total"
"Ign/Branco";3;-;-;-;3
"Janeiro";35474;6759;16373;12947;71553
"Fevereiro";62419;10391;34033;30168;137011
"Marco";147272;16755;72286;72678;308991
"Abril";124495;13747;58190;65750;262182
"Maio";31371;8742;17934;25064;83111
"Junho";7222;3937;4613;5547;21319
"Julho";1627;2014;1471;1316;6428
"Agosto";658;1170;693;571;3092
"Setembro";615;839;518;440;2412
"Outubro";763;635;581;469;2448
"Novembro";1036;613;725;668;3042
"Dezembro";2292;881;1102;788;5063
"Total";415247;66483;208519;216406;906655
 Fonte: Ministério da Saúde/SVS - Sistema de Informação de Agravos de Notificação - Sinan Net
 Notas:
 
 ncluídas notificações de indivíduos residentes no Brasil, independente de sua confirmação, exceto os descartados, pois em situações de epidemia nem sempre é possível confirmar todos os casos.
 Para tabular os óbitos por dengue até 2012, deve-se considerar apenas os casos graves (DCC, FHD, SCD, DSA, DG) em que a evolução seja "óbito pelo agravo notificado" com critério de confirmação laboratorial e clínico-epidemiológico. A partir de 2013,
 Períodos Disponíveis ou período - Correspondem aos anos de notificação dos casos.
 Para cálculo da incidência utilize locais de residência.
 Dados de 2007 atualizados em 30/08/2009.
 Dados de 2008 atualizados em 17/03/2011.
 Dados de 2009 atualizados em 23/06/2011.
 Dados de 2010 atualizados em 18/06/2011.
 Dados de 2011 atualizados em 11/01/2012.
 Dados de 2012 atualizados em 25/07/2013.
 Dados de 2013 atualizados em 10/07/2014.
 Data da publicação dos dados 04/02/2019.
 
