DENGUE - Notificações registradas no Sistema de Informação de Agravos de Notificação - Brasil
Casos Prováveis por Mês 1º Sintoma(s) e UF de notificação
UF de notificação: Alagoas, Espírito Santo, Minas Gerais, Rio de Janeiro, São Paulo
Período:2013
"Mês 1º Sintoma(s)";"AL";"MG";"ES";"RJ";"SP";"Total"
"Ign/Branco";-;3;-;-;-;3
"Janeiro";258;35474;6759;16373;12947;71811
"Fevereiro";354;62419;10391;34033;30168;137365
"Marco";618;147272;16755;72286;72678;309609
"Abril";954;124495;13747;58190;65750;263136
"Maio";2200;31371;8742;17934;25064;85311
"Junho";1658;7222;3937;4613;5547;22977
"Julho";993;1627;2014;1471;1316;7421
"Agosto";822;658;1170;693;571;3914
"Setembro";815;615;839;518;440;3227
"Outubro";668;763;635;581;469;3116
"Novembro";741;1036;613;725;668;3783
"Dezembro";521;2292;881;1102;788;5584
"Total";10602;415247;66483;208519;216406;917257
 Fonte: Ministério da Saúde/SVS - Sistema de Informação de Agravos de Notificação - Sinan Net
 Notas:
 
 ncluídas notificações de indivíduos residentes no Brasil, independente de sua confirmação, exceto os descartados, pois em situações de epidemia nem sempre é possível confirmar todos os casos.
 Para tabular os óbitos por dengue até 2012, deve-se considerar apenas os casos graves (DCC, FHD, SCD, DSA, DG) em que a evolução seja "óbito pelo agravo notificado" com critério de confirmação laboratorial e clínico-epidemiológico. A partir de 2013,
 Períodos Disponíveis ou período - Correspondem aos anos de notificação dos casos.
 Para cálculo da incidência utilize locais de residência.
 Dados de 2007 atualizados em 30/08/2009.
 Dados de 2008 atualizados em 17/03/2011.
 Dados de 2009 atualizados em 23/06/2011.
 Dados de 2010 atualizados em 18/06/2011.
 Dados de 2011 atualizados em 11/01/2012.
 Dados de 2012 atualizados em 25/07/2013.
 Dados de 2013 atualizados em 10/07/2014.
 Data da publicação dos dados 04/02/2019.
 
